120,4,iVecCoun,dRadius,dCohIndex,vardRadius,vardCohIndex,d_varRad,d_varCoh
6.4,2.8,182,2.785053,42.048032,2.785053,42.048032,-0.422609,-0.789021
5,2.3,228,4.913091,41.288241,2.128038,0.759791,0.805903,-0.835282
4.9,2.5,178,4.828621,35.937848,0.08447,5.350393,0.757139,-1.161044
4.9,3.1,233,3.343702,51.843661,1.484919,15.905813,-0.100102,-0.192607
5.7,3.8,280,6.020648,51.380728,2.676946,0.462934,1.445294,-0.220793
4.4,3.2,16,0.165026,68.724039,5.855622,17.343311,-1.935146,0.835167
5.4,3.4,267,3.128185,60.518889,2.963159,8.20515,-0.22452,0.33559
6.9,3.1,195,2.968703,56.978559,0.159482,3.54033,-0.316588,0.120035
6.7,3.1,182,3.327328,50.384778,0.358625,6.59378,-0.109555,-0.281432